1100.11
14.6
12.75
C.C

1111101.11010101
175.652
125.83203125
7D.D5

111111100.101010111111
774.5277
508.671630859375
1FC.ABF

1100111011.110111101
1473.675
827.869140625
33B.DE8

1100.11
14.6
12.75
C.C

1111101.11010101
175.652
125.83203125
7D.D5

111111100.101010111111
774.5277
508.671630859375
1FC.ABF

1100111011.110111101
1473.675
827.869140625
33B.DE8

12.75 175.652 1FC.ABF 1100111011.110111101 1100.11

11001110111.10111101
1110111001.101100111
1101001000.100111101
10100111000.100010100111
373.524
1671.547
212.452
1172.4017
25.5
840.619140625
138.58203125
521.421630859375
3F9.57E
538.8A7
27A.80F
209.6BF

-1100111011.110111101
1010111110.000010011
1100101111.000111101
100111111.001100101001
-175.652
-1276.023
161.052
-576.6557
-12.75
-815.119140625
-113.08203125
-495.921630859375
-1FC.ABF
-13F.329
17E.D6F
1EF.EBF
-685367.313999176025390625 -10100111010100110111.010100000110001001
-104172.45557403564453125 -11001011011101100.01110100101000001
-10555.33154296875 -10100100111011.01010100111
-421113.545899868011474609375 -1100110110011111001.100010111100000000011
-15833.7000885009765625 -36731.546344
-104172.45557403564453125 -313354.351202
-1604.3583984375 -3104.2674
-64007.18455028533935546875 -175007.1363726
-162.5625
-10555.33154296875
-1604.3583984375
-6485.56329345703125
-258746.828041136264801025390625 -3F2BA.D3FA81
-421113.545899868011474609375 -66CF9.8BC018
-64007.18455028533935546875 -FA07.2F3EB
-6485.56329345703125 -1955.9034
